85295575462
85265704641
85297983846
85262741232
85260318287
85263355369
85263718098
85260982145
85292090022
85284134152
85266208783
85293418364
85260907277
85263423863
85265814066
85267572327
85262557667
85297000082
85252197395
85294744098
85265723525
85255046768
85295389387
85297547367
85262590015
85269968183
85295222378
85267081969
85290503841
85255126080
85264431332
85265966312
85260104578
85292530855
85263650488
85268266349
85261582555
85290111498
85264474617
85293758285
85254668602
85264325918
85296310501
85265135666
85270972451
85269987568
85262336032
85264472247
85293839684
85253470664
85292221710
85296693258
85266602423
85293804308
85298658608
85290265725
85291439148
85262669599
85263886461
85267028746
85259327807
85290329661
85292829243
85298029472
85294265174
85298617228
85298864781
85298796531
85269308802
85253260774
85254206625
85268283186
85259888248
85297383570
85293781360
85294155001
85296081406
85291414220
85256259133
85255111821
85251830128
85251969223
85268080008
85254296136
85256016875
85293617814
85298436023
85292076624
85296867864
85251652922
85256047475
85260810060
85260207260
85259220018
85259375611
85268480195
85296527352
85257100097
85252194903
85261141505
85261866156
85262133166
85295123895
85256220449
85293773169
85254425646
85294529004
85297650638
85256138651
85244198746
85268971051
85259865991
85262111619
85295034956
85261426749
85251136589
85297166107
85296835157
85297683484
85246472184
85252797760
85292652515
85263541698
85297155853
85252823250
85268501488
85262764455
85256933616
85253781597
85267018512
85297914894
85297262335
85261938096
85254027542
85291685298
85268907746
85297835131
85260821316
85261814629
85262280699
85259125600
85297923287
85263587495
85264909189
85253031787
85253433778
85262860281
85290190864
85251189967
85251963818
85254094316
85256139305
85265724935
85259648899
85262856323
85251678441
85291966824
85253936600
85294639067
85256844811
85295122900
85294969186
85265770196
85270849731
85259380241
85262894939
85254605725
85263617348
85297271830
85297211125
85296678068
85297570071
85262262386
85267700151
85292473180
85266622193
85263898825
85291062868
85297410939
85251729366
85260289533
85262904560
85263121227
85293436322
85265026906
85294566744
85261421683
85256153190
85261317530
85259894777
85251198479
85295526376
85256611272
85262892174
85268886909
85254956680
85293656954
85261880042
85298139199
85253607659
85293275680
85266838380
85290931697
85292351039
85265386363
85246424868
85298659710
85244509008
85251375228
85262518540
85264013565
85262279813
85294067848
85291753420
85291753159
85298519692
85262810446
85254432169
85253738056
85260366853
85297013672
85265366287
85263988900
85253396836
85298116547
85254019637
85294578763
85254489161
85264300168
85297872890
85259830309
85294894420
85298475550
85253296798
85292177183
85297326097
85294323449
85260991075
85244340297
85254094289
85259856210
85269280030
85295777301
85268133885
85297076837
85257869180
85292849902
85293062083
85296311951
85266070890
85293415841
85290112005
85265069684
85290279209
85251118541
85246177324
85297476642
85262921843
85256101174
85262891786
85291397076
85292290431
85262335931
85256926461
85254699448
85267316481
85298887318
85261872040
85251121876
85294097126
85251146140
85253486404
85254487557
85290827575
85264374373
85284049954
85292824022
85267260166
85292366444
85293175528
85267370049
85262187970
85295250973
85296825408
85253467997
85262343747
85261143622
85291683308
85252208243
85291918779
85256080665
85263778067
85260558017
85295361752
85291770577
85259300309
85252102939
85293383035
85297572561
85255890391
85296405200
85291072718
85263864258
85244399240
85297347157
85269982113
85261641936
85246488826
85263371848
85293582678
85296139655
85260666587
85298018003
85297122262
85266769535
85267139319
85257200632
85267549993
85296581603
85254026842
85292377897
85298010336
85251684692
85293842317
85267128176
85261593301
85252209838
85269962411
85290475610
85251848627
85256219599
85263517475
85265111930
85251818689
85298836779
85254220611
85254075844
85295099467
85253680388
85257271318
85297864376
85292534297
85251083880
85291732925
85267758757
85261356226
85260512577
85295407751
85267179073
85261992717
85266533484
85259324246
85296414616
85254003458
85297032456
85254846299
85251891802
85297170909
85267657503
85252607566
85293208057
85290882509
85290283588
85297173204
85292805501
85261462883
85252135994
85265856447
85292307323
85267182798
85290310711
85251832919
85259637781
85262291808
85264287376
85264956347
85252465863
85290170358
85259941181
85290130076
85265933307
85265367209
85262338281
85261751679
85297310364
85297368252
85292127729
85297816633
85263843896
85292217686
85296267246
85252697742
85292166678
85292236706
85293124795
85253225996
85262300856
85267664757
85259687775
85295869022
85292518121
85255935939
85292102361
85296837802
85267304358
85253110644
85254063215
85257443326
85293122854
85260431382
85294780233
85291663189
85295058685
85246572560
85246111424
85263436520
85256001388
85298235913
85252287661
85290415316
85295745966
85267716168
85294768707
85267070059
85291091448
85297040179
85255158809
85295768483
85293668528
85255474964
85268576583
85255988138
85292000033
85256963331
85251612225
85295106377
85260456447
85298356153
85264159649
85295845663
85294120560
85266904337
85255922020
85261358133
85251720353
85260103386
85292555052
85264908433
85291458739
85259266660
85296273380
85262201127
85294972208
85260146187
85252395287
85294637094
85294226856
85260837432
85266975545
85261550677
85266879987
85267049117
85260996640
85266122094
85261320771
85256813653
85292428870
85292222105
85264100735
85296111789
85294991593
85294700722
85261716052
85252823088
85257908756
85256294598
85284904260
85296991130
85251115215
85297572988
85297081266
85296069746
85296151617
85290280736
85297213931
85290339877
85292256156
85296604556
85298795361
85264263092
85292481442
85263758546
85251186919
85260289764
85260989081
85290552987
85259607279
85296263673
85296228017
85267284739
85295575462
85265704641
85297983846
85262741232
85260318287
85263355369
85263718098
85260982145
85292090022
85284134152
85266208783
85293418364
85260907277
85263423863
85265814066
85267572327
85262557667
85297000082
85252197395
85294744098
85265723525
85255046768
85295389387
85297547367
85262590015
85269968183
85295222378
85267081969
85290503841
85255126080
85264431332
85265966312
85260104578
85292530855
85263650488
85268266349
85261582555
85290111498
85264474617
85293758285
85254668602
85264325918
85296310501
85265135666
85270972451
85269987568
85262336032
85264472247
85293839684
85253470664
85264100346
85256368384
85265496918
85295161025
85297138883
85267085936
85253952312
85259851028
85252421766
85269747156
85256216969
85290743374
85254263989
85291241552
85255463784
85296890712
85261511038
85264667559
85284819124
85251077070
85262687645
85264943192
85260764835
85284148986
85251083683
85262380371
85254868137
85254097445
85265045969
85260435926
85290968891
85255450771
85259307595
85255473354
85298211891
85296180651
85298686688
85264221165
85260610358
85252863896
85260829326
85261149993
85254438120
85296868294
85266526873
85291477096
85252969203
85291437283
85262743121
85261519116
85262807707
85268929052
85296377882
85298338434
85295258662
85291042860
85244847730
85262972473
85296632396
85261397626
85298708807
85292073229
85264343292
85298477457
85291361952
85264381807
85261985917
85251189181
85290460675
85257758755
85298084280
85254981232
85292878296
85254368650
85268730105
85260770527
85295861707
85296048669
85252163455
85298396292
85260102178
85260398038
85267431712
85253031764
85293436007
85291988318
85263356098
85262870591
85244364356
85255409481
85294237324
85293804036
85293562510
85251820960
85262369166
85292366330
85296187473
85266283707
85298196227
85265641568
85260832021
85265055596
85291333568
85269003997
85297409496
85294575716
85263871016
85256282409
85298115217
85255921134
85292192151
85259160397
85262170084
85298427232
85260805628
85264864668
85298239951
85290728374
85292895825
85297559903
85265949632
85255002211
85252706427
85290984746
85268221149
85267957177
85297730348
85298357648
85261043660
85266033312
85260368064
85253434253
85260690182
85298255985
85298688003
85263308867
85253755101
85264130989
85296030107
85293820830
85293038117
85265812137
85264232589
85254094236
85251469355
85292080725
85293100411
85269330766
85269261079
85268505687
85256264711
85292328433
85269963243
85260317278
85264138890
85295140496
85297923042
85290889390
85298340108
85297925958
85254064564
85295271920
85269027539
85253401209
85254816009
85294067811
85295003608
85260392488
85296837369
85256275573
85291530850
85251842664
85266205940
85251819426
85292672881
85297571468
85261009783
85252852944
85262931437
85257159518
85290506776
85254076521
85265911993
85265801127
85298785351
85296228986
85294038805
85251224172
85297711543
85264195805
85256873022
85262803763
85290258082
85291681189
85291040726
85292300782
85264223094
85290828202
85246419014
85297644341
