+85255077035
+85292290056
+85259665094
+85291790172
+85259896842
+85290466380
+85291636818
+85266283465
+85263882284
+85297727770
+85296689768
+85259369330
+85298083089
+85292304539
+85255172325
+85297733226
+85263054399
+85260728946
+85293790185
+85291286082
+85256044719
+85255068485
+85256836601
+85292804089
+85256419335
+85260721863
+85296424092
+85295277999
+85296769487
+85294769868
+85296821509
+85251812801
+85292806615
+85290152166
+85291792172
+85254172079
+85298080030
+85262465202
+85255738433
+85263419899
+85297539586
+85291636831
+85294247727
+85290753379
+85297290039
+85291659454
+85255669575
+85259215829
+85262527038
+85297731000
+85295436575
+85297297247
+85251903511
+85297736661
+85290151831
+85259804980
+85298268228
+85255313513
+85256047760
+85263052659
+85257356958
+85291782702
+85291653532
+85290464949
+85292290484
+85295277980
+85256042506
+85255735309
+85290159652
+85260726556
+85261211954
+85292805779
+85259800797
+85259804922
+85290462177
+85256835402
+85252319692
+85298269537
+85251900976
+85260838892
+85256132531
+85291638511
+85298080510
+85294249563
+85257354058
+85260721706
+85293792125
+85295434288
+85291798852
+85296478395
+85263050404
+85260833314
+85291638126
+85256047716
+85292303397
+85296762936
+85251908321
+85294765426
+85291783181
+85292822967
+85266284169
+85296829899
+85291659955
+85254684696
+85255175287
+85291632630
+85297700761
+85296422011
+85291286154
+85291280059
+85290703378
+85290152830
+85293793306
+85296689568
+85263417140
+85292291924
+85298089405
+85254487865
+85297723755
+85292302556
+85260839494
+85263881489
+85298263238
+85261211908
+85251810503
+85252696308
+85297726434
+85261212817
+85297536219
+85298268191
+85255313246
+85263044448
+85255964513
+85251810223
+85254361416
+85294214140
+85292829188
+85252690671
+85259898917
+85292294401
+85297702161
+85297705175
+85296394478
+85295434612
+85297441508
+85291630895
+85259215578
+85266288797
+85292297120
+85292303297
+85292291382
+85252697329
+85254481594
+85297539530
+85296689590
+85263046919
+85294217070
+85255660161
+85255963916
+85255071418
+85292820235
+85252632029
+85291785848
+85290706988
+85254820399
+85297723494
+85296763664
+85292496850
+85255316006
+85262527890
+85263043166
+85295273850
+85254486242
+85292802924
+85255968200
+85291283228
+85298268667
+85246149600
+85255317460
+85291630180
+85262527444
+85292825528
+85251902081
+85255076313
+85293796570
+85297706662
+85264407037
+85292823324
+85295270208
+85262736806
+85294761006
+85296689682
+85296420869
+85264007598
+85290158280
+85292809417
+85290465870
+85291799463
+85297702839
+85298087416
+85296821936
+85297733089
+85290465818
+85296396939
+85292290125
+85297535959
+85296761013
+85260838243
+85297737733
+85297737347
+85252647505
+85259666683
+85260831624
+85266280210
+85263885849
+85296429668
+85254105882
+85291650426
+85259899417
+85262467816
+85255175798
+85246145765
+85290468802
+85292299875
+85259896345
+85291288765
+85293793491
+85262655535
+85296762818
+85292807092
+85297443368
+85256132700
+85263050655
+85292829096
+85255963783
+85297532677
+85266844877
+85294765579
+85296476426
+85260835211
+85296826017
+85251904969
+85260726843
+85266283041
+85290759523
+85263882557
+85255069522
+85291796515
+85256419912
+85262734619
+85290159210
+85255079126
+85297702184
+85260831044
+85293797561
+85297729018
+85259896639
+85296685126
+85259898789
+85255965532
+85260722368
+85294247293
+85256472604
+85292225046
+85255965473
+85260836837
+85262739459
+85263417522
+85256133675
+85254484215
+85291788099
+85292294333
+85297531640
+85297724796
+85256048765
+85255063131
+85291639727
+85292828435
+85296479039
+85291798842
+85259892204
+85292824212
+85255968400
+85297533240
+85263048953
+85297533531
+85292492917
+85294243817
+85263806131
+85296427336
+85252646136
+85263416824
+85290701423
+85297734364
+85263419742
+85292496060
+85256130549
+85290151466
+85296824218
+85296393011
+85263806697
+85291796194
+85292306999
+85263042888
+85292308446
+85254312199
+85294214838
+85251818277
+85291784940
+85259662016
+85255967197
+85256048646
+85263411991
+85259893610
+85290704680
+85256817139
+85266288788
+85259890419
+85264984731
+85296681205
+85296424848
+85246829694
+85255663699
+85297292972
+85291788239
+85252642693
+85264989093
+85292301980
+85294241193
+85296766665
+85260722308
+85266286522
+85264405918
+85292807920
+85260837736
+85291799905
+85296394978
+85263882538
+85264407050
+85290150064
+85296393612
+85297730071
+85254680239
+85294249340
+85291789181
+85256048187
+85254487592
+85291287111
+85298084961
+85292806668
+85296395972
+85292229950
+85256046608
+85290159846
+85255966522
+85262525041
+85254314397
+85298269868
+85298082528
+85292492122
