+85262810190
+85262988369
+85290197249
+85267708875
+85291953074
+85296202702
+85293673678
+85292818855
+85291718903
+85297642291
+85264782318
+85296158293
+85264084858
+85266585688
+85263432992
+85291099291
+85291898500
+85263799105
+85290981855
+85291091493
+85293589597
+85261676689
+85295299742
+85293322508
+85261666931
+85266334221
+85296280086
+85262978115
+85263767952
+85290142592
+85263363566
+85261323860
+85256220347
+85295520156
+85293025849
+85295647453
+85292556458
+85262829125
+85290334022
+85267561928
+85292535108
+85251983863
+85294255052
+85263713665
+85265461892
+85266806922
+85268861411
+85267287840
+85290422184
+85292698296
+85298134791
+85291906994
+85261339704
+85255459591
+85291859198
+85263775239
+85297683689
+85290423026
+85262909220
+85268814162
+85290326614
+85264076387
+85290842852
+85265959231
+85295519301
+85294624510
+85296700659
+85292869478
+85261086074
+85261767743
+85265372196
+85297751087
+85293357952
+85261330487
+85294632315
+85295369769
+85265646001
+85291806345
+85297625593
+85298699580
+85297855273
+85290382983
+85265490889
+85291002910
+85267700890
+85292501870
+85292565639
+85294559596
+85297837725
+85262812398
+85295343071
+85294668593
+85262902083
+85290828520
+85262886710
+85293380541
+85290957778
+85290910078
+85252265570
+85264151476
+85292573271
+85298773261
+85265280045
+85260569184
+85262001110
+85264143238
+85291008863
+85298708638
+85293075770
+85297622233
+85292585691
+85267776549
+85265921700
+85255457315
+85296733621
+85263733376
+85290331008
+85263608965
+85260358984
+85290288401
+85291903966
+85261608090
+85263484551
+85265350105
+85260158925
+85296229368
+85260594409
+85296571506
+85290987621
+85295746761
+85269707926
+85260359518
+85267222913
+85263600012
+85296263295
+85268904272
+85261080931
+85292705569
+85294384117
+85260502722
+85265045175
+85263768523
+85292150377
+85261387792
+85295298626
+85298842076
+85293337772
+85260263609
+85254084473
+85290197935
+85261921048
+85296574325
+85260547146
+85292550334
+85295381615
+85292679724
+85295596883
+85263773521
+85292868683
+85291234273
+85294525585
+85290906601
+85260710656
+85291900743
+85264290480
+85296291661
+85266322926
+85262976584
+85265419854
+85291029058
+85268240939
+85294445732
+85264244183
+85292186318
+85290998959
+85264133039
+85292520414
+85297581815
+85297266888
+85267791812
+85261112102
+85263368371
+85293379522
+85254055257
+85290832433
+85297802790
+85256017110
+85298816133
+85265016478
+85267502212
+85298774132
+85295726402
+85291009950
+85268821935
+85296283062
+85293337066
+85292567811
+85297649763
+85267537151
+85294447616
+85294000981
+85268910583
+85295616624
+85291809507
+85292123289
+85293032233
+85293316877
+85269713662
+85260366123
+85290872193
+85292501222
+85291071126
+85268196364
+85291036850
+85296237202
+85298898935
+85263345177
+85298810660
+85294710211
+85297888216
+85296532847
+85260508842
+85291566464
+85290426251
+85292835454
+85292132177
+85290876257
+85292672499
+85294552120
+85252224932
+85290277200
+85265409515
+85296329512
+85294821060
+85296277535
+85255452694
+85291898520
+85294015568
+85298855647
+85292690388
+85296160982
+85294691669
+85293235353
+85291811088
+85297500514
+85268959490
+85290965565
+85265687286
+85254275399
+85260214658
+85294983982
+85266821991
+85262965840
+85263782798
+85296192979
+85265015018
+85293328499
+85295405161
+85261775244
+85292376678
+85292130808
+85264067134
+85255452804
+85252220534
+85291501092
+85292511420
+85293090002
+85292104755
+85296703153
+85292635729
+85252226778
+85295512728
+85291821967
+85293574638
+85254052022
+85297817894
+85295468713
+85293320212
+85293755729
+85292586055
+85294539069
+85294523110
+85291806920
+85290828067
+85297548952
+85291910953
+85265479513
+85291828725
+85296265757
+85296196757
+85290357605
+85296207282
+85295569049
+85291005972
+85266518914
+85266334639
+85290209457
+85260253867
+85266500675
+85291814799
+85264155129
+85256222322
+85267767506
+85291766217
+85262964811
+85290252963
+85268221473
+85292585540
+85294030479
+85290457621
+85295025758
+85292145539
+85292620706
+85292170845
+85260218307
+85292831407
+85261117662
+85267535231
+85290960213
+85293077736
+85262939719
+85262095497
+85254089463
+85261342959
+85291861346
+85290133834
+85297430420
+85263605737
+85294421457
+85262799524
+85269782802
+85297313127
+85292688425
+85290192995
+85292600834
+85262869639
+85262900699
+85265372338
+85264268900
+85297513421
+85296262746
+85293678086
+85292184092
+85260738823
+85260343426
+85290228191
+85291965372
+85265579927
+85294607611
+85298118571
+85263988772
+85290273870
+85266564193
+85267723379
+85297315082
+85267732901
+85264130899
+85290192728
+85268880522
+85292116707
+85291569481
+85294273828
+85296107745
+85296260444
+85268220275
+85296105934
+85297369123
+85267536075
+85261005880
+85298231548
+85292707501
+85267762776
+85291585040
+85292644629
+85294860102
+85297037908
+85297619731
+85292621922
+85296591782
+85261361738
+85298310431
+85298329784
+85297278782
+85266570926
+85268934415
+85262867832
+85290300390
+85261300053
+85290383303
+85266073262
+85265576365
+85290819879
+85267734889
+85268263260
+85293148519
+85291943892
+85292693128
+85296214568
+85293355823
+85255450615
+85254842264
+85296550440
+85295607712
+85290883747
+85295582531
+85261334120
+85290301151
+85297861170
+85290222272
+85290399896
+85291845626
+85290227845
+85292658892
+85297883594
+85292602073
+85293574932
+85268188243
+85292655041
+85294600921
+85261792739
+85294717825
+85293689698
+85296150254
+85297687772
+85268992526
+85297300630
+85291009068
+85291099018
+85264107568
+85267705229
+85291889649
+85298810317
+85260222804
+85292158313
+85260215757
+85296580135
+85293380218
+85294989108
+85263904538
+85265349789
+85293801265
+85269770401
+85292114503
+85297309860
+85290809100
+85260829230
+85292399355
+85292598949
+85296264832
+85294066726
+85252222662
+85294272246
+85264220892
+85262914633
+85296107330
+85293659644
+85290938676
+85256037201
+85293043332
+85297615476
+85297361485
+85268267370
+85298504884
+85260587885
+85293007471
+85260355598
+85290807858
+85294250980
+85293385890
+85292556409
+85296836387
+85294426945
+85265964401
+85293586083
+85293372498
+85291865903
+85260260108
+85292138076
+85293048633
+85293805881
+85268991937
+85294646678
+85266596386
+85297801343
+85298726754
+85266854281
+85260520815
+85290882331
+85293341584
+85290323725
+85294534830
+85290919482
+85263389832
+85294311864
+85293677907
+85298870133
+85265337401
+85292200809
+85292157976
+85295563684
+85292541377
+85291094456
+85298817756
+85267169813
+85254881341
+85290833682
+85255371231
+85263605931
+85291312986
+85290382812
+85268178330
+85298316877
+85293140644
+85268955099
+85293329174
+85294276739
+85292184671
+85290218876
+85267795057
+85298742834
+85296266815
+85293036868
+85266510921
+85255030203
+85266859834
+85290282333
+85291806017
+85266500079
+85291957986
+85260501506
+85290345408
+85290292250
+85292625809
+85261435493
+85254881789
+85291981208
+85296518877
+85290382271
+85293659197
+85292594279
+85293039871
+85292681138
+85266327338
+85296707245
+85261347718
+85297821062
+85294606205
+85265989931
+85293235218
+85267711026
+85291069776
+85293581745
+85297056965
+85292577147
+85296181508
+85292178013
+85294273111
+85291559833
+85292933751
+85294487033
+85296658501
+85268135121
+85292534437
+85264081880
+85291314119
+85295514105
+85297868143
+85291807912
+85294708309
+85260215738
+85298700550
+85296508015
+85294706920
+85264236091
+85294237567
+85293140136
+85260222502
+85294657304
+85262800490
+85290257559
+85263382784
+85261798632
+85266568908
+85298774362
+85262889596
+85291099611
+85266828884
+85267522927
+85262016850
+85291813126
+85298839389
+85296137348
+85293199009
+85260540426
+85298844248
+85293855365
+85297882766
+85294675399
+85296576911
+85261301476
+85268283339
+85261350142
+85291571288
+85262920203
+85261318877
+85295381096
+85291835811
+85296591526
+85292204207
+85298146308
+85290381671
+85268814979
+85268983692
+85295599765
+85262924556
+85265413072
+85298004412
+85268193581
+85291802376
+85290953119
+85261323306
+85261922236
+85269715773
+85291807827
+85296519318
+85291953310
+85297624998
+85295451015
+85264783220
+85298501026
+85290353121
+85298775252
+85296246830
+85261616535
+85268117597
+85266118217
+85297855301
+85295659800
+85291859899
+85297803487
+85296515885
+85292167618
+85295536411
+85298520535
+85295548976
+85269714307
+85291766549
+85261769971
+85261337137
+85295668574
+85294714162
+85265541714
+85260388474
+85261329749
+85260531240
+85290968659
+85261117458
+85251964100
+85263953316
+85297500787
+85294063389
+85261324528
+85293591033
+85293582281
+85296708782
+85294619095
+85291070507
+85294661838
+85293641217
+85260827600
+85292536364
+85292554452
+85290898517
+85292579257
+85268941541
+85290333159
+85290899963
+85292108092
+85256037168
+85261309121
+85298785323
+85290345740
+85262808189
+85290429345
+85296241634
+85293603287
+85260309919
+85261394717
+85264148214
+85296157121
+85294686261
+85290973751
+85293753843
+85290191632
+85268111368
+85296236816
+85292772929
+85255454116
+85260237678
+85291050159
+85264073052
+85265957175
+85290422095
+85254080025
+85263799925
+85296526338
+85291314142
+85298237603
+85298570834
+85292589468
+85263384210
+85292777821
+85295568229
+85262936598
+85261772235
